CAUCCAUUUACCUCAGCACAAUCAGUUAUGCUUUCUUCUCUUGCCUCUGGAUG	((((((........((((..........))))...............))))))	-4.4	0.789182	0.431826	1	11.9292	0	8	0	0	0	1.0011	0	0	0	0
AGGGCGUAGAAAGUUAAGCUUCGGUAGUCUCCGAAGUAUCGUCACA	..((((...........(((((((......)))))))..))))...	-11.9	0.972615	0.17404	1	10.4835	0	2	0	0.972615	0	0	0	0	0	0
CUCUUGCAGGGACGGUAGGAUGUCUAAGAUCGGAGUGAUCACUCCCCGCAA	...((((.((((((......)))).......(((((....)))))))))))	-11	0.964429	0.188643	0	10.3042	0	0	0	0	0	0	0	0	0	8
CAAAGCAUGAGACGUCAAUCCUAUCUAGGUCCCAUUAAAUCCAAAUUCUU	......(((.(((...............))).)))...............	-3.2	0.723122	0.521834	1	12.7688	0	16	0	0	0	0	0.952767	0	0	0
CCACGCCUGCCCCCUAGUUGGAUUACGGUACUCAAAAGCGAUUGUA	...(((.((((.((.....)).....)))).......)))......	-3.4	0.734973	0.505294	0	12.9084	0	0	0	0	0	0	0	0	0	0
GAUGCAGAACGCCGACACCAUUGGCGUCUAAGUCGGCGUUAUAGA	.......(((((((((...............))))))))).....	-14.1	0.985656	0.147685	1	10.4035	0	16	0	0	0	0	1.33867	0	0	0
CGUAAAGAUUAGUCCGUCUCCAGGCCACGGACAGAGAGUC	...........((((((.........))))))........	-7.3	0.899348	0.285789	1	11.5858	0	64	0	0	0	0	0	0	1.22145	64
UCAUACUGGAGGAGCCAGAUUUAUCCGAAUGCCUAUGAA	.....((((.....)))).....................	-4.6	0.798991	0.418815	0	12.7091	0	0	0	0	0	0	0	0	0	0
GUAUUCGAAGACACCGAAGGCUAUAUUCGUGGAAAUA	...........(((.(((.......))))))......	-2.8	0.698465	0.556967	0	13.9202	0	0	0	0	0	0	0	0	0	0
AGAAGUCUACGUUCGUCUACAUAACGAAGC	...........(((((.......)))))..	-2.8	0.698465	0.556967	1	14.4615	0	1	0.698465	0	0	0	0	0	0	0
CGUUAAAUAGGCUCACGAUAGCACGCACUUUAUAAGGUUACAGAAAAACAUAGCC	.........((((.............((((....)))).............))))	-3.9	0.763145	0.466725	1	12.0669	0	32	0	0	0	0	0	1.03646	0	0
CCCAGCGCCGGCAAAGAACGCCUCUCCAUGCAGUGAUCCGCAUCGA	.........(((.......)))..((.((((........)))).))	-6.3	0.868756	0.326923	1	11.5433	0	1	1.73751	0	0	0	0	0	0	0
CGGGCACGCGCUCAUUUCGUUUUGAAACGGGUUGCGUUUCUUAUAUUGUCAAGCCAGGCCU	.((((..(.(((...........((((((.....))))))...........))))..))))	-14.6	0.98763	0.143147	1	9.59593	0	2	0	1.97526	0	0	0	0	0	0
GCCAUUCCUUACGGAUUGCCCUUAGAAGGGUUGAUGCCUAUUGUCCCCGAAGGU	......((((.(((...(((((....)))))...............))))))).	-11.4	0.968324	0.181827	1	10.1145	0	8	0	0	0	1.22834	0	0	0	0
